Observed Output (y Array):
0.98246
0.26881
0.70469
2.17477
0.27475
0.2358
2.40086
2.26592
2.31754
2.32681
2.69775
2.71656
2.46575
2.46359
2.32138
2.26575
2.25631
2.29518
2.49844
2.30773
2.38326
1.99348
2.51283
2.04499
1.98804
2.31686
2.0816
2.02509
1.00002
1.59754
1.66908
1.00865
1.33838
1.47739
1.59102
1.65998
0.97845
1.66118
1.58013
1.64837
0.98117
0.97535
1.54843
1.25471
1.40431
0.99233
0.9074
0.86396
1.11315
0.96039
1.2098
1.05412
2.01818
2.01962
1.80492
1.91983
2.04361
2.04037
2.13211
2.01535
1.126
1.47352
1.27138
1.38789
1.47718
1.29508
1.45133
x Array (Design Matrix):
1.0	0.0519	0.00345	0.000179055	0.0026936100000000004	1.19025e-05	
1.0	0.0519	0.00345	0.000179055	0.0026936100000000004	1.19025e-05	
1.0	0.0519	0.00345	0.000179055	0.0026936100000000004	1.19025e-05	
1.0	0.0519	0.00345	0.000179055	0.0026936100000000004	1.19025e-05	
1.0	0.0519	0.00345	0.000179055	0.0026936100000000004	1.19025e-05	
1.0	0.0519	0.00345	0.000179055	0.0026936100000000004	1.19025e-05	
1.0	0.14274	0.00373	0.0005324202	0.0203747076	1.3912899999999999e-05	
1.0	0.14274	0.00373	0.0005324202	0.0203747076	1.3912899999999999e-05	
1.0	0.14274	0.00373	0.0005324202	0.0203747076	1.3912899999999999e-05	
1.0	0.14274	0.00373	0.0005324202	0.0203747076	1.3912899999999999e-05	
1.0	0.14274	0.00373	0.0005324202	0.0203747076	1.3912899999999999e-05	
1.0	0.14274	0.00373	0.0005324202	0.0203747076	1.3912899999999999e-05	
1.0	0.19464	0.00422	0.0008213808	0.0378847296	1.7808399999999997e-05	
1.0	0.19464	0.00422	0.0008213808	0.0378847296	1.7808399999999997e-05	
1.0	0.19464	0.00422	0.0008213808	0.0378847296	1.7808399999999997e-05	
1.0	0.19464	0.00422	0.0008213808	0.0378847296	1.7808399999999997e-05	
1.0	0.19464	0.00422	0.0008213808	0.0378847296	1.7808399999999997e-05	
1.0	0.19464	0.00422	0.0008213808	0.0378847296	1.7808399999999997e-05	
1.0	0.25952	0.00425	0.00110296	0.06735063039999999	1.8062500000000002e-05	
1.0	0.25952	0.00425	0.00110296	0.06735063039999999	1.8062500000000002e-05	
1.0	0.25952	0.00425	0.00110296	0.06735063039999999	1.8062500000000002e-05	
1.0	0.25952	0.00425	0.00110296	0.06735063039999999	1.8062500000000002e-05	
1.0	0.25952	0.00425	0.00110296	0.06735063039999999	1.8062500000000002e-05	
1.0	0.25952	0.00425	0.00110296	0.06735063039999999	1.8062500000000002e-05	
1.0	0.14274	0.00373	0.0005324202	0.0203747076	1.3912899999999999e-05	
1.0	0.14274	0.00373	0.0005324202	0.0203747076	1.3912899999999999e-05	
1.0	0.14274	0.00373	0.0005324202	0.0203747076	1.3912899999999999e-05	
1.0	0.14274	0.00373	0.0005324202	0.0203747076	1.3912899999999999e-05	
1.0	0.07517	0.01165	0.0008757305000000001	0.0056505289	0.00013572250000000002	
1.0	0.07517	0.01165	0.0008757305000000001	0.0056505289	0.00013572250000000002	
1.0	0.07517	0.01165	0.0008757305000000001	0.0056505289	0.00013572250000000002	
1.0	0.07517	0.01165	0.0008757305000000001	0.0056505289	0.00013572250000000002	
1.0	0.07517	0.01165	0.0008757305000000001	0.0056505289	0.00013572250000000002	
1.0	0.07517	0.01165	0.0008757305000000001	0.0056505289	0.00013572250000000002	
1.0	0.08068	0.00839	0.0006769052	0.0065092624	7.039209999999999e-05	
1.0	0.08068	0.00839	0.0006769052	0.0065092624	7.039209999999999e-05	
1.0	0.08068	0.00839	0.0006769052	0.0065092624	7.039209999999999e-05	
1.0	0.08068	0.00839	0.0006769052	0.0065092624	7.039209999999999e-05	
1.0	0.08068	0.00839	0.0006769052	0.0065092624	7.039209999999999e-05	
1.0	0.08068	0.00839	0.0006769052	0.0065092624	7.039209999999999e-05	
1.0	0.07618	0.00386	0.00029405480000000003	0.005803392399999999	1.48996e-05	
1.0	0.07618	0.00386	0.00029405480000000003	0.005803392399999999	1.48996e-05	
1.0	0.07618	0.00386	0.00029405480000000003	0.005803392399999999	1.48996e-05	
1.0	0.07618	0.00386	0.00029405480000000003	0.005803392399999999	1.48996e-05	
1.0	0.07618	0.00386	0.00029405480000000003	0.005803392399999999	1.48996e-05	
1.0	0.07618	0.00386	0.00029405480000000003	0.005803392399999999	1.48996e-05	
1.0	0.08247	0.0	0.0	0.0068013009000000004	0.0	
1.0	0.08247	0.0	0.0	0.0068013009000000004	0.0	
1.0	0.08247	0.0	0.0	0.0068013009000000004	0.0	
1.0	0.08247	0.0	0.0	0.0068013009000000004	0.0	
1.0	0.08247	0.0	0.0	0.0068013009000000004	0.0	
1.0	0.08247	0.0	0.0	0.0068013009000000004	0.0	
1.0	0.18683	0.00932	0.0017412556	0.0349054489	8.68624e-05	
1.0	0.18683	0.00932	0.0017412556	0.0349054489	8.68624e-05	
1.0	0.18683	0.00932	0.0017412556	0.0349054489	8.68624e-05	
1.0	0.18683	0.00932	0.0017412556	0.0349054489	8.68624e-05	
1.0	0.18683	0.00932	0.0017412556	0.0349054489	8.68624e-05	
1.0	0.18683	0.00932	0.0017412556	0.0349054489	8.68624e-05	
1.0	0.18683	0.00932	0.0017412556	0.0349054489	8.68624e-05	
1.0	0.18683	0.00932	0.0017412556	0.0349054489	8.68624e-05	
1.0	0.09498	0.00562	0.0005337876	0.009021200399999998	3.15844e-05	
1.0	0.09498	0.00562	0.0005337876	0.009021200399999998	3.15844e-05	
1.0	0.09498	0.00562	0.0005337876	0.009021200399999998	3.15844e-05	
1.0	0.09498	0.00562	0.0005337876	0.009021200399999998	3.15844e-05	
1.0	0.09498	0.00562	0.0005337876	0.009021200399999998	3.15844e-05	
1.0	0.09498	0.00562	0.0005337876	0.009021200399999998	3.15844e-05	
1.0	0.09498	0.00562	0.0005337876	0.009021200399999998	3.15844e-05	
Beta Array (Estimated Parameters) = array([-1.22403871e+00,  3.35195732e+01,  1.71218051e+02, -1.05247188e+03,
       -6.93979451e+01, -4.53671771e+03])
$\sigma^2$ = 0.0952

ANOVA Table for Overall Significance of Fit
Source of Var.	Sum of Squares	DOF	Mean Square	               F_o	F_crit	p
Regression    	1.9431E+01	6	3.2385E+00	33.4513	2.62737	0.0000
Error/Resid.  	5.8087E+00	60	9.6811E-02
Total         	2.5239E+01	66

R Squared = 0.76986

B1 is significant
B2 is significant
B3 is significant
B4 is significant
B5 is not significant
Confidence Interval for Beta Values
B0 = -1.22404
-1.80656 < B0 < -0.641517 with 95% confidence 
B1 = 33.5196
25.4769 < B1 < 41.5622 with 95% confidence 
B2 = 171.218
70.3142 < B2 < 272.122 with 95% confidence 
B3 = -1052.47
-1575.91 < B3 < -529.033 with 95% confidence 
B4 = -69.3979
-91.756 < B4 < -47.0399 with 95% confidence 
B5 = -4536.72
-11563.1 < B5 < 2489.69 with 95% confidence 
Observation 3 is an outlier with                 Studentized Residual = 5.10732
