Observed Output (y Array):
1.000025
1.597537
1.669076
1.008648
1.338382
1.477385
1.59102
1.659978
0.978449
1.661181
1.580133
1.648373
0.981166
0.97535
1.548435
1.254714
1.404309
0.992332
0.9074
0.863964
1.113154
0.960388
1.209802
1.054124
0.98
0.27
0.7
2.17
0.27
0.24
2.4
2.27
2.32
2.33
2.7
2.72
2.47
2.46
2.32
2.27
2.26
2.3
2.5
2.31
2.38
1.99
2.51
2.04
x Array (Design Matrix):
1.0	28.52	1.17	33.368399999999994	
1.0	28.52	1.17	33.368399999999994	
1.0	28.52	1.17	33.368399999999994	
1.0	28.52	1.17	33.368399999999994	
1.0	28.52	1.17	33.368399999999994	
1.0	28.52	1.17	33.368399999999994	
1.0	30.7	0.84	25.787999999999997	
1.0	30.7	0.84	25.787999999999997	
1.0	30.7	0.84	25.787999999999997	
1.0	30.7	0.84	25.787999999999997	
1.0	30.7	0.84	25.787999999999997	
1.0	30.7	0.84	25.787999999999997	
1.0	28.92	0.39	11.2788	
1.0	28.92	0.39	11.2788	
1.0	28.92	0.39	11.2788	
1.0	28.92	0.39	11.2788	
1.0	28.92	0.39	11.2788	
1.0	28.92	0.39	11.2788	
1.0	31.45	0.0	0.0	
1.0	31.45	0.0	0.0	
1.0	31.45	0.0	0.0	
1.0	31.45	0.0	0.0	
1.0	31.45	0.0	0.0	
1.0	31.45	0.0	0.0	
1.0	18.647	0.345	6.433214999999999	
1.0	18.647	0.345	6.433214999999999	
1.0	18.647	0.345	6.433214999999999	
1.0	18.647	0.345	6.433214999999999	
1.0	18.647	0.345	6.433214999999999	
1.0	18.647	0.345	6.433214999999999	
1.0	54.88	0.373	20.47024	
1.0	54.88	0.373	20.47024	
1.0	54.88	0.373	20.47024	
1.0	54.88	0.373	20.47024	
1.0	54.88	0.373	20.47024	
1.0	54.88	0.373	20.47024	
1.0	73.304	0.422	30.934288	
1.0	73.304	0.422	30.934288	
1.0	73.304	0.422	30.934288	
1.0	73.304	0.422	30.934288	
1.0	73.304	0.422	30.934288	
1.0	73.304	0.422	30.934288	
1.0	99.575	0.425	42.319375	
1.0	99.575	0.425	42.319375	
1.0	99.575	0.425	42.319375	
1.0	99.575	0.425	42.319375	
1.0	99.575	0.425	42.319375	
1.0	99.575	0.425	42.319375	
Beta Array (Estimated Parameters) = array([-2.59246983,  0.1247245 ,  7.64102771, -0.24774287])
$\sigma^2$ = 0.1795

ANOVA Table for Overall Significance of Fit
Source of Var.	Sum of Squares	DOF	Mean Square	               F_o	F_crit	p
Regression    	1.4699E+01	4	3.6747E+00	20.008	3.10089	0.0000
Error/Resid.  	7.8976E+00	43	1.8366E-01
Total         	2.2597E+01	47

R Squared = 0.65050

B1 is significant
B2 is significant
B3 is significant
Confidence Interval for Beta Values
B0 = -2.59247
-4.9502 < B0 < -0.234738 with 95% confidence 
B1 = 0.124725
0.0466304 < B1 < 0.202819 with 95% confidence 
B2 = 7.64103
2.14893 < B2 < 13.1331 with 95% confidence 
B3 = -0.247743
-0.432862 < B3 < -0.0626235 with 95% confidence 
Observation 27 is an outlier with                 Studentized Residual = 3.46209
