Observed Output (y Array):
1.000025
1.597537
1.669076
1.008648
1.338382
1.477385
1.59102
1.659978
0.978449
1.661181
1.580133
1.648373
0.981166
0.97535
1.548435
1.254714
1.404309
0.992332
0.9074
0.863964
1.113154
0.960388
1.209802
1.054124
0.98
0.27
0.7
2.17
0.27
0.24
2.4
2.27
2.32
2.33
2.7
2.72
2.47
2.46
2.32
2.27
2.26
2.3
2.5
2.31
2.38
1.99
2.51
2.04
x Array (Design Matrix):
1.0	28.52	1.17	33.368399999999994	813.3904	1.3688999999999998	
1.0	28.52	1.17	33.368399999999994	813.3904	1.3688999999999998	
1.0	28.52	1.17	33.368399999999994	813.3904	1.3688999999999998	
1.0	28.52	1.17	33.368399999999994	813.3904	1.3688999999999998	
1.0	28.52	1.17	33.368399999999994	813.3904	1.3688999999999998	
1.0	28.52	1.17	33.368399999999994	813.3904	1.3688999999999998	
1.0	30.7	0.84	25.787999999999997	942.49	0.7055999999999999	
1.0	30.7	0.84	25.787999999999997	942.49	0.7055999999999999	
1.0	30.7	0.84	25.787999999999997	942.49	0.7055999999999999	
1.0	30.7	0.84	25.787999999999997	942.49	0.7055999999999999	
1.0	30.7	0.84	25.787999999999997	942.49	0.7055999999999999	
1.0	30.7	0.84	25.787999999999997	942.49	0.7055999999999999	
1.0	28.92	0.39	11.2788	836.3664000000001	0.1521	
1.0	28.92	0.39	11.2788	836.3664000000001	0.1521	
1.0	28.92	0.39	11.2788	836.3664000000001	0.1521	
1.0	28.92	0.39	11.2788	836.3664000000001	0.1521	
1.0	28.92	0.39	11.2788	836.3664000000001	0.1521	
1.0	28.92	0.39	11.2788	836.3664000000001	0.1521	
1.0	31.45	0.0	0.0	989.1025	0.0	
1.0	31.45	0.0	0.0	989.1025	0.0	
1.0	31.45	0.0	0.0	989.1025	0.0	
1.0	31.45	0.0	0.0	989.1025	0.0	
1.0	31.45	0.0	0.0	989.1025	0.0	
1.0	31.45	0.0	0.0	989.1025	0.0	
1.0	18.647	0.345	6.433214999999999	347.7106089999999	0.11902499999999998	
1.0	18.647	0.345	6.433214999999999	347.7106089999999	0.11902499999999998	
1.0	18.647	0.345	6.433214999999999	347.7106089999999	0.11902499999999998	
1.0	18.647	0.345	6.433214999999999	347.7106089999999	0.11902499999999998	
1.0	18.647	0.345	6.433214999999999	347.7106089999999	0.11902499999999998	
1.0	18.647	0.345	6.433214999999999	347.7106089999999	0.11902499999999998	
1.0	54.88	0.373	20.47024	3011.8144	0.139129	
1.0	54.88	0.373	20.47024	3011.8144	0.139129	
1.0	54.88	0.373	20.47024	3011.8144	0.139129	
1.0	54.88	0.373	20.47024	3011.8144	0.139129	
1.0	54.88	0.373	20.47024	3011.8144	0.139129	
1.0	54.88	0.373	20.47024	3011.8144	0.139129	
1.0	73.304	0.422	30.934288	5373.476416	0.178084	
1.0	73.304	0.422	30.934288	5373.476416	0.178084	
1.0	73.304	0.422	30.934288	5373.476416	0.178084	
1.0	73.304	0.422	30.934288	5373.476416	0.178084	
1.0	73.304	0.422	30.934288	5373.476416	0.178084	
1.0	73.304	0.422	30.934288	5373.476416	0.178084	
1.0	99.575	0.425	42.319375	9915.180625	0.18062499999999998	
1.0	99.575	0.425	42.319375	9915.180625	0.18062499999999998	
1.0	99.575	0.425	42.319375	9915.180625	0.18062499999999998	
1.0	99.575	0.425	42.319375	9915.180625	0.18062499999999998	
1.0	99.575	0.425	42.319375	9915.180625	0.18062499999999998	
1.0	99.575	0.425	42.319375	9915.180625	0.18062499999999998	
Beta Array (Estimated Parameters) = array([-3.56859007e+00,  1.56225130e-01,  9.19389614e+00, -2.35129685e-01,
       -3.40281712e-04, -1.57015408e+00])
$\sigma^2$ = 0.1126

ANOVA Table for Overall Significance of Fit
Source of Var.	Sum of Squares	DOF	Mean Square	               F_o	F_crit	p
Regression    	1.7867E+01	6	2.9778E+00	25.8147	2.73564	0.0000
Error/Resid.  	4.7295E+00	41	1.1535E-01
Total         	2.2597E+01	47

R Squared = 0.79070

B1 is significant
B2 is not significant
B3 is not significant
B4 is significant
B5 is significant
Confidence Interval for Beta Values
B0 = -3.56859
-6.83795 < B0 < -0.299234 with 95% confidence 
B1 = 0.156225
0.0596946 < B1 < 0.252756 with 95% confidence 
B2 = 9.1939
-0.578569 < B2 < 18.9664 with 95% confidence 
B3 = -0.23513
-0.524677 < B3 < 0.0544176 with 95% confidence 
B4 = -0.000340282
-0.000625089 < B4 < -5.54741e-05 with 95% confidence 
B5 = -1.57015
-2.83577 < B5 < -0.304535 with 95% confidence 
Observation 27 is an outlier with                 Studentized Residual = 4.64315
