Observed Output (y Array):
0.9131
0.7442
0.8802
0.9414
0.8607
0.3321
0.9731
0.8238
1.0794
0.7093
0.827
0.9558
0.8932
0.8829
0.998
1.0574
0.8615
0.5252
1.2463
0.672
0.7164
0.7857
0.7218
0.7815
0.8471
0.711
0.5705
0.6647
0.6442
0.7945
0.8226
0.96
0.8813
0.827
0.6384
0.8043
0.6915
0.669
0.7015
0.599
0.7021
0.7225
0.658
0.6842
1.0183
0.7954
0.731
0.6462
x Array (Design Matrix):
1.0	18.65	0.35	6.527499999999999	347.82249999999993	0.12249999999999998	
1.0	18.65	0.35	6.527499999999999	347.82249999999993	0.12249999999999998	
1.0	18.65	0.35	6.527499999999999	347.82249999999993	0.12249999999999998	
1.0	18.65	0.35	6.527499999999999	347.82249999999993	0.12249999999999998	
1.0	18.65	0.35	6.527499999999999	347.82249999999993	0.12249999999999998	
1.0	18.65	0.35	6.527499999999999	347.82249999999993	0.12249999999999998	
1.0	54.88	0.37	20.305600000000002	3011.8144	0.1369	
1.0	54.88	0.37	20.305600000000002	3011.8144	0.1369	
1.0	54.88	0.37	20.305600000000002	3011.8144	0.1369	
1.0	54.88	0.37	20.305600000000002	3011.8144	0.1369	
1.0	54.88	0.37	20.305600000000002	3011.8144	0.1369	
1.0	54.88	0.37	20.305600000000002	3011.8144	0.1369	
1.0	73.3	0.42	30.785999999999998	5372.889999999999	0.17639999999999997	
1.0	73.3	0.42	30.785999999999998	5372.889999999999	0.17639999999999997	
1.0	73.3	0.42	30.785999999999998	5372.889999999999	0.17639999999999997	
1.0	73.3	0.42	30.785999999999998	5372.889999999999	0.17639999999999997	
1.0	73.3	0.42	30.785999999999998	5372.889999999999	0.17639999999999997	
1.0	73.3	0.42	30.785999999999998	5372.889999999999	0.17639999999999997	
1.0	99.58	0.42	41.8236	9916.1764	0.17639999999999997	
1.0	99.58	0.42	41.8236	9916.1764	0.17639999999999997	
1.0	99.58	0.42	41.8236	9916.1764	0.17639999999999997	
1.0	99.58	0.42	41.8236	9916.1764	0.17639999999999997	
1.0	99.58	0.42	41.8236	9916.1764	0.17639999999999997	
1.0	99.58	0.42	41.8236	9916.1764	0.17639999999999997	
1.0	28.52	1.17	33.368399999999994	813.3904	1.3688999999999998	
1.0	28.52	1.17	33.368399999999994	813.3904	1.3688999999999998	
1.0	28.52	1.17	33.368399999999994	813.3904	1.3688999999999998	
1.0	28.52	1.17	33.368399999999994	813.3904	1.3688999999999998	
1.0	28.52	1.17	33.368399999999994	813.3904	1.3688999999999998	
1.0	28.52	1.17	33.368399999999994	813.3904	1.3688999999999998	
1.0	30.7	0.84	25.787999999999997	942.49	0.7055999999999999	
1.0	30.7	0.84	25.787999999999997	942.49	0.7055999999999999	
1.0	30.7	0.84	25.787999999999997	942.49	0.7055999999999999	
1.0	30.7	0.84	25.787999999999997	942.49	0.7055999999999999	
1.0	30.7	0.84	25.787999999999997	942.49	0.7055999999999999	
1.0	30.7	0.84	25.787999999999997	942.49	0.7055999999999999	
1.0	28.92	0.39	11.2788	836.3664000000001	0.1521	
1.0	28.92	0.39	11.2788	836.3664000000001	0.1521	
1.0	28.92	0.39	11.2788	836.3664000000001	0.1521	
1.0	28.92	0.39	11.2788	836.3664000000001	0.1521	
1.0	28.92	0.39	11.2788	836.3664000000001	0.1521	
1.0	28.92	0.39	11.2788	836.3664000000001	0.1521	
1.0	31.45	0.0	0.0	989.1025	0.0	
1.0	31.45	0.0	0.0	989.1025	0.0	
1.0	31.45	0.0	0.0	989.1025	0.0	
1.0	31.45	0.0	0.0	989.1025	0.0	
1.0	31.45	0.0	0.0	989.1025	0.0	
1.0	31.45	0.0	0.0	989.1025	0.0	
Beta Array (Estimated Parameters) = array([ 7.54285720e-01,  1.96573848e-03, -3.78025229e-01,  1.70106960e-02,
       -6.65546416e-05, -1.19514442e-01])
$\sigma^2$ = 0.0252

ANOVA Table for Overall Significance of Fit
Source of Var.	Sum of Squares	DOF	Mean Square	               F_o	F_crit	p
Regression    	1.4325E-01	6	2.3875E-02	0.924819	2.73564	0.4873
Error/Resid.  	1.0584E+00	41	2.5815E-02
Total         	1.2017E+00	47

R Squared = 0.11921

B1 is not significant
B2 is not significant
B3 is not significant
B4 is not significant
B5 is not significant
Confidence Interval for Beta Values
B0 = 0.754286
-0.746004 < B0 < 2.25458 with 95% confidence 
B1 = 0.00196574
-0.0427356 < B1 < 0.0466671 with 95% confidence 
B2 = -0.378025
-4.79791 < B2 < 4.04186 with 95% confidence 
B3 = 0.0170107
-0.113997 < B3 < 0.148018 with 95% confidence 
B4 = -6.65546e-05
-0.000188912 < B4 < 5.58027e-05 with 95% confidence 
B5 = -0.119514
-0.699238 < B5 < 0.460209 with 95% confidence 
No outliers observed in data set
